X1,date_use,cumulative_tests,cumulative_tests_pos,percent_positive_tests_cum,tests,tests_pos,percent_positive_tests,avg_tests,avg_pos_tests,percent_positive_avg_tests
1,2020-11-03,5725649,315109,5.5%,173,3,1.7%,27122,892,3.3%
2,2020-11-02,5725476,315106,5.5%,2084,114,5.5%,34970,1107,3.2%
3,2020-11-01,5723392,314992,5.5%,12426,856,6.9%,41083,1273,3.1%
4,2020-10-31,5710966,314136,5.5%,25056,1125,4.5%,42001,1257,3%
5,2020-10-30,5685910,313011,5.5%,44838,1439,3.2%,42329,1258,3%
6,2020-10-29,5641072,311572,5.5%,50430,1395,2.8%,42970,1271,3%
7,2020-10-28,5590642,310177,5.5%,54846,1310,2.4%,42738,1294,3%
8,2020-10-27,5535796,308867,5.6%,55109,1509,2.7%,42420,1346,3.2%
9,2020-10-26,5480687,307358,5.6%,44877,1277,2.8%,41974,1381,3.3%
10,2020-10-25,5435810,306081,5.6%,18854,745,4%,41614,1426,3.4%
11,2020-10-24,5416956,305336,5.6%,27348,1128,4.1%,41403,1431,3.5%
12,2020-10-23,5389608,304208,5.6%,49323,1533,3.1%,41079,1423,3.5%
13,2020-10-22,5340285,302675,5.7%,48806,1557,3.2%,40803,1421,3.5%
14,2020-10-21,5291479,301118,5.7%,52620,1672,3.2%,40647,1418,3.5%
15,2020-10-20,5238859,299446,5.7%,51992,1757,3.4%,40125,1404,3.5%
16,2020-10-19,5186867,297689,5.7%,42357,1591,3.8%,39600,1365,3.4%
17,2020-10-18,5144510,296098,5.8%,17372,781,4.5%,38896,1332,3.4%
18,2020-10-17,5127138,295317,5.8%,25083,1073,4.3%,38937,1328,3.4%
19,2020-10-16,5102055,294244,5.8%,47388,1513,3.2%,39012,1341,3.4%
20,2020-10-15,5054667,292731,5.8%,47716,1541,3.2%,38829,1327,3.4%
21,2020-10-14,5006951,291190,5.8%,48966,1570,3.2%,38651,1317,3.4%
22,2020-10-13,4957985,289620,5.8%,48321,1485,3.1%,38880,1301,3.3%
23,2020-10-12,4909664,288135,5.9%,37429,1363,3.6%,38775,1275,3.3%
24,2020-10-11,4872235,286772,5.9%,17656,752,4.3%,38567,1261,3.3%
25,2020-10-10,4854579,286020,5.9%,25605,1160,4.5%,38456,1239,3.2%
26,2020-10-09,4828974,284860,5.9%,46113,1419,3.1%,38543,1199,3.1%
27,2020-10-08,4782861,283441,5.9%,46464,1468,3.2%,37952,1173,3.1%
28,2020-10-07,4736397,281973,6%,50575,1462,2.9%,36915,1135,3.1%
29,2020-10-06,4685822,280511,6%,47582,1304,2.7%,35433,1107,3.1%
30,2020-10-05,4638240,279207,6%,35974,1262,3.5%,34028,1089,3.2%
31,2020-10-04,4602266,277945,6%,16877,599,3.5%,32928,1052,3.2%
32,2020-10-03,4585389,277346,6%,26217,876,3.3%,32469,1047,3.2%
33,2020-10-02,4559172,276470,6.1%,41975,1238,2.9%,31817,1041,3.3%
34,2020-10-01,4517197,275232,6.1%,39208,1205,3.1%,31161,1031,3.3%
35,2020-09-30,4477989,274027,6.1%,40200,1268,3.2%,31223,1031,3.3%
36,2020-09-29,4437789,272759,6.1%,37748,1173,3.1%,31540,1012,3.2%
37,2020-09-28,4400041,271586,6.2%,28271,1006,3.6%,31994,1009,3.2%
38,2020-09-27,4371770,270580,6.2%,13667,565,4.1%,32698,1014,3.1%
39,2020-09-26,4358103,270015,6.2%,21647,829,3.8%,32769,1013,3.1%
40,2020-09-25,4336456,269186,6.2%,37383,1173,3.1%,32653,1008,3.1%
41,2020-09-24,4299073,268013,6.2%,39647,1205,3%,32559,986,3%
42,2020-09-23,4259426,266808,6.3%,42419,1134,2.7%,32505,974,3%
43,2020-09-22,4217007,265674,6.3%,40924,1152,2.8%,32070,978,3%
44,2020-09-21,4176083,264522,6.3%,33198,1042,3.1%,31651,965,3%
45,2020-09-20,4142885,263480,6.4%,14164,555,3.9%,31188,952,3.1%
46,2020-09-19,4128721,262925,6.4%,20839,795,3.8%,30952,935,3%
47,2020-09-18,4107882,262130,6.4%,36720,1022,2.8%,30958,925,3%
48,2020-09-17,4071162,261108,6.4%,39272,1115,2.8%,30890,909,2.9%
49,2020-09-16,4031890,259993,6.4%,39370,1163,3%,30724,886,2.9%
50,2020-09-15,3992520,258830,6.5%,37994,1066,2.8%,30774,879,2.9%
51,2020-09-14,3954526,257764,6.5%,29960,946,3.2%,29881,866,2.9%
52,2020-09-13,3924566,256818,6.5%,12507,440,3.5%,26927,788,2.9%
53,2020-09-12,3912059,256378,6.6%,20882,720,3.4%,26351,779,3%
54,2020-09-11,3891177,255658,6.6%,36244,916,2.5%,25966,764,2.9%
55,2020-09-10,3854933,254742,6.6%,38111,949,2.5%,25244,782,3.1%
56,2020-09-09,3816822,253793,6.6%,39721,1115,2.8%,24802,804,3.2%
57,2020-09-08,3777101,252678,6.7%,31741,977,3.1%,24231,814,3.4%
58,2020-09-07,3745360,251701,6.7%,9285,396,4.3%,24703,840,3.4%
59,2020-09-06,3736075,251305,6.7%,8473,383,4.5%,27304,937,3.4%
60,2020-09-05,3727602,250922,6.7%,18189,610,3.4%,28175,964,3.4%
61,2020-09-04,3709413,250312,6.7%,31186,1042,3.3%,28504,1006,3.5%
62,2020-09-03,3678227,249270,6.8%,35019,1102,3.1%,28577,1014,3.5%
63,2020-09-02,3643208,248168,6.8%,35721,1186,3.3%,28217,1037,3.7%
64,2020-09-01,3607487,246982,6.8%,35045,1164,3.3%,28338,1067,3.8%
65,2020-08-31,3572442,245818,6.9%,27492,1069,3.9%,28195,1096,3.9%
66,2020-08-30,3544950,244749,6.9%,14571,575,3.9%,28182,1131,4%
67,2020-08-29,3530379,244174,6.9%,20491,905,4.4%,28198,1149,4.1%
68,2020-08-28,3509888,243269,6.9%,31698,1100,3.5%,28221,1154,4.1%
69,2020-08-27,3478190,242169,7%,32499,1257,3.9%,28267,1201,4.2%
70,2020-08-26,3445691,240912,7%,36569,1402,3.8%,28455,1222,4.3%
71,2020-08-25,3409122,239510,7%,34043,1361,4%,28215,1228,4.4%
72,2020-08-24,3375079,238149,7.1%,27401,1314,4.8%,28443,1254,4.4%
73,2020-08-23,3347678,236835,7.1%,14688,704,4.8%,28352,1247,4.4%
74,2020-08-22,3332990,236131,7.1%,20647,941,4.6%,28546,1262,4.4%
75,2020-08-21,3312343,235190,7.1%,32024,1431,4.5%,28839,1302,4.5%
76,2020-08-20,3280319,233759,7.1%,33813,1400,4.1%,29332,1315,4.5%
77,2020-08-19,3246506,232359,7.2%,34888,1443,4.1%,30319,1357,4.5%
78,2020-08-18,3211618,230916,7.2%,35639,1546,4.3%,30969,1411,4.6%
79,2020-08-17,3175979,229370,7.2%,26768,1264,4.7%,31906,1462,4.6%
80,2020-08-16,3149211,228106,7.2%,16045,806,5%,31770,1485,4.7%
81,2020-08-15,3133166,227300,7.3%,22693,1222,5.4%,32586,1546,4.7%
82,2020-08-14,3110473,226078,7.3%,35478,1526,4.3%,32863,1572,4.8%
83,2020-08-13,3074995,224552,7.3%,40719,1693,4.2%,33765,1639,4.9%
84,2020-08-12,3034276,222859,7.3%,39442,1820,4.6%,33769,1684,5%
85,2020-08-11,2994834,221039,7.4%,42194,1903,4.5%,34252,1741,5.1%
86,2020-08-10,2952640,219136,7.4%,25816,1428,5.5%,34015,1802,5.3%
87,2020-08-09,2926824,217708,7.4%,21757,1230,5.7%,33903,1800,5.3%
88,2020-08-08,2905067,216478,7.5%,24632,1403,5.7%,34020,1837,5.4%
89,2020-08-07,2880435,215075,7.5%,41794,1996,4.8%,34725,1883,5.4%
90,2020-08-06,2838641,213079,7.5%,40746,2010,4.9%,34258,1924,5.6%
91,2020-08-05,2797895,211069,7.5%,42823,2219,5.2%,34574,1978,5.7%
92,2020-08-04,2755072,208850,7.6%,40534,2331,5.8%,34657,2026,5.8%
93,2020-08-03,2714538,206519,7.6%,25032,1409,5.6%,35262,2186,6.2%
94,2020-08-02,2689506,205110,7.6%,22579,1488,6.6%,35544,2237,6.3%
95,2020-08-01,2666927,203622,7.6%,29568,1731,5.9%,35718,2315,6.5%
96,2020-07-31,2637359,201891,7.7%,38527,2280,5.9%,34352,2329,6.8%
97,2020-07-30,2598832,199611,7.7%,42952,2388,5.6%,34006,2372,7%
98,2020-07-29,2555880,197223,7.7%,43408,2558,5.9%,33812,2554,7.6%
99,2020-07-28,2512472,194665,7.7%,44766,3447,7.7%,34093,2684,7.9%
100,2020-07-27,2467706,191218,7.7%,27005,1767,6.5%,33983,2718,8%
101,2020-07-26,2440701,189451,7.8%,23800,2034,8.5%,34051,2790,8.2%
102,2020-07-25,2416901,187417,7.8%,20003,1827,9.1%,34113,2793,8.2%
103,2020-07-24,2396898,185590,7.7%,36109,2581,7.1%,35555,2910,8.2%
104,2020-07-23,2360789,183009,7.8%,41593,3663,8.8%,36483,3021,8.3%
105,2020-07-22,2319196,179346,7.7%,45378,3471,7.6%,36937,3016,8.2%
106,2020-07-21,2273818,175875,7.7%,43990,3683,8.4%,36338,3005,8.3%
107,2020-07-20,2229828,172192,7.7%,27487,2273,8.3%,36401,3030,8.3%
108,2020-07-19,2202341,169919,7.7%,24233,2051,8.5%,36317,3071,8.5%
109,2020-07-18,2178108,167868,7.7%,30095,2651,8.8%,36193,3074,8.5%
110,2020-07-17,2148013,165217,7.7%,42606,3352,7.9%,36384,3087,8.5%
111,2020-07-16,2105407,161865,7.7%,44770,3631,8.1%,36261,3122,8.6%
112,2020-07-15,2060637,158234,7.7%,41186,3393,8.2%,35916,3110,8.7%
113,2020-07-14,2019451,154841,7.7%,44429,3860,8.7%,34974,3061,8.8%
114,2020-07-13,1975022,150981,7.6%,26897,2562,9.5%,34368,3016,8.8%
115,2020-07-12,1948125,148419,7.6%,23371,2072,8.9%,34761,3037,8.7%
116,2020-07-11,1924754,146347,7.6%,31429,2738,8.7%,32703,2883,8.8%
117,2020-07-10,1893325,143609,7.6%,41744,3596,8.6%,29456,2646,9%
118,2020-07-09,1851581,140013,7.6%,42356,3549,8.4%,26215,2375,9.1%
119,2020-07-08,1809225,136464,7.5%,34592,3050,8.8%,26254,2372,9%
120,2020-07-07,1774633,133414,7.5%,40188,3543,8.8%,27222,2458,9%
121,2020-07-06,1734445,129871,7.5%,29644,2712,9.1%,26850,2416,9%
122,2020-07-05,1704801,127159,7.5%,8966,994,11.1%,27618,2444,8.8%
123,2020-07-04,1695835,126165,7.4%,8702,1075,12.4%,27895,2458,8.8%
124,2020-07-03,1687133,125090,7.4%,19055,1702,8.9%,30551,2634,8.6%
125,2020-07-02,1668078,123388,7.4%,42632,3530,8.3%,33355,2839,8.5%
126,2020-07-01,1625446,119858,7.4%,41364,3648,8.8%,32531,2797,8.6%
127,2020-06-30,1584082,116210,7.3%,37585,3248,8.6%,31335,2692,8.6%
128,2020-06-29,1546497,112962,7.3%,35020,2908,8.3%,30515,2648,8.7%
129,2020-06-28,1511477,110054,7.3%,10909,1095,10%,29357,2562,8.7%
130,2020-06-27,1500568,108959,7.3%,27291,2304,8.4%,29205,2555,8.7%
131,2020-06-26,1473277,106655,7.2%,38682,3138,8.1%,27856,2468,8.9%
132,2020-06-25,1434595,103517,7.2%,36866,3239,8.8%,26142,2329,8.9%
133,2020-06-24,1397729,100278,7.2%,32994,2912,8.8%,24566,2185,8.9%
134,2020-06-23,1364735,97366,7.1%,31841,2941,9.2%,23706,2090,8.8%
135,2020-06-22,1332894,94425,7.1%,26917,2302,8.6%,22827,1942,8.5%
136,2020-06-21,1305977,92123,7.1%,9841,1047,10.6%,22553,1871,8.3%
137,2020-06-20,1296136,91076,7%,17848,1697,9.5%,22532,1825,8.1%
138,2020-06-19,1278288,89379,7%,26687,2165,8.1%,22516,1754,7.8%
139,2020-06-18,1251601,87214,7%,25836,2228,8.6%,22580,1651,7.3%
140,2020-06-17,1225765,84986,6.9%,26975,2247,8.3%,22563,1554,6.9%
141,2020-06-16,1198790,82739,6.9%,25682,1911,7.4%,22612,1458,6.4%
142,2020-06-15,1173108,80828,6.9%,25005,1803,7.2%,23037,1391,6%
143,2020-06-14,1148103,79025,6.9%,9693,727,7.5%,22834,1341,5.9%
144,2020-06-13,1138410,78298,6.9%,17733,1194,6.7%,22799,1319,5.8%
145,2020-06-12,1120677,77104,6.9%,27133,1446,5.3%,23251,1308,5.6%
146,2020-06-11,1093544,75658,6.9%,25723,1547,6%,23024,1290,5.6%
147,2020-06-10,1067821,74111,6.9%,27318,1577,5.8%,22612,1269,5.6%
148,2020-06-09,1040503,72534,7%,28656,1443,5%,21788,1249,5.7%
149,2020-06-08,1011847,71091,7%,23583,1452,6.2%,20524,1251,6.1%
150,2020-06-07,988264,69639,7%,9450,576,6.1%,19623,1204,6.1%
151,2020-06-06,978814,69063,7.1%,20892,1115,5.3%,19309,1178,6.1%
152,2020-06-05,957922,67948,7.1%,25549,1323,5.2%,18831,1166,6.2%
153,2020-06-04,932373,66625,7.1%,22838,1394,6.1%,18656,1201,6.4%
154,2020-06-03,909535,65231,7.2%,21546,1441,6.7%,18893,1218,6.4%
155,2020-06-02,887989,63790,7.2%,19811,1456,7.3%,19563,1227,6.3%
156,2020-06-01,868178,62334,7.2%,17272,1123,6.5%,20187,1279,6.3%
157,2020-05-31,850906,61211,7.2%,7253,397,5.5%,18618,1203,6.5%
158,2020-05-30,843653,60814,7.2%,17548,1027,5.9%,18449,1201,6.5%
159,2020-05-29,826105,59787,7.2%,24325,1566,6.4%,18415,1158,6.3%
160,2020-05-28,801780,58221,7.3%,24498,1516,6.2%,18329,1074,5.9%
161,2020-05-27,777282,56705,7.3%,26231,1507,5.7%,19365,1020,5.3%
162,2020-05-26,751051,55198,7.3%,24180,1820,7.5%,18819,980,5.2%
163,2020-05-25,726871,53378,7.3%,6292,591,9.4%,18885,882,4.7%
164,2020-05-24,720579,52787,7.3%,6070,378,6.2%,20266,946,4.7%
165,2020-05-23,714509,52409,7.3%,17312,727,4.2%,21034,950,4.5%
166,2020-05-22,697197,51682,7.4%,23723,982,4.1%,20852,960,4.6%
167,2020-05-21,673474,50700,7.5%,31746,1136,3.6%,21556,1025,4.8%
168,2020-05-20,641728,49564,7.7%,22412,1229,5.5%,20655,1074,5.2%
169,2020-05-19,619316,48335,7.8%,24638,1132,4.6%,20909,1055,5%
170,2020-05-18,594678,47203,7.9%,15961,1037,6.5%,20803,1063,5.1%
171,2020-05-17,578717,46166,8%,11446,405,3.5%,21359,1066,5%
172,2020-05-16,567271,45761,8.1%,16035,802,5%,20611,1062,5.2%
173,2020-05-15,551236,44959,8.2%,28657,1437,5%,20495,1061,5.2%
174,2020-05-14,522579,43522,8.3%,25436,1477,5.8%,19297,998,5.2%
175,2020-05-13,497143,42045,8.5%,24188,1097,4.5%,18863,933,4.9%
176,2020-05-12,472955,40948,8.7%,23901,1188,5%,18833,937,5%
177,2020-05-11,449054,39760,8.9%,19848,1054,5.3%,18451,941,5.1%
178,2020-05-10,429206,38706,9%,6211,381,6.1%,18332,897,4.9%
179,2020-05-09,422995,38325,9.1%,15222,792,5.2%,18434,901,4.9%
180,2020-05-08,407773,37533,9.2%,20271,999,4.9%,18542,896,4.8%
181,2020-05-07,387502,36534,9.4%,22402,1018,4.5%,18524,897,4.8%
182,2020-05-06,365100,35516,9.7%,23978,1124,4.7%,18143,897,4.9%
183,2020-05-05,341122,34392,10.1%,21223,1220,5.7%,16718,898,5.4%
184,2020-05-04,319899,33172,10.4%,19015,744,3.9%,15588,878,5.6%
185,2020-05-03,300884,32428,10.8%,6925,408,5.9%,14641,941,6.4%
186,2020-05-02,293959,32020,10.9%,15979,758,4.7%,14332,949,6.6%
187,2020-05-01,277980,31262,11.2%,20146,1006,5%,13553,987,7.3%
188,2020-04-30,257834,30256,11.7%,19736,1017,5.2%,12204,1018,8.3%
189,2020-04-29,238098,29239,12.3%,14004,1133,8.1%,10494,1009,9.6%
190,2020-04-28,224094,28106,12.5%,13314,1078,8.1%,9664,973,10.1%
191,2020-04-27,210780,27028,12.8%,12385,1188,9.6%,9195,960,10.4%
192,2020-04-26,198395,25840,13%,4762,463,9.7%,8422,932,11.1%
193,2020-04-25,193633,25377,13.1%,10525,1024,9.7%,8250,926,11.2%
194,2020-04-24,183108,24353,13.3%,10702,1222,11.4%,7675,888,11.6%
195,2020-04-23,172406,23131,13.4%,7765,958,12.3%,7328,832,11.4%
196,2020-04-22,164641,22173,13.5%,8194,875,10.7%,7382,828,11.2%
197,2020-04-21,156447,21298,13.6%,10035,993,9.9%,7413,848,11.4%
198,2020-04-20,146412,20305,13.9%,6970,991,14.2%,6814,840,12.3%
199,2020-04-19,139442,19314,13.9%,3557,420,11.8%,6368,810,12.7%
200,2020-04-18,135885,18894,13.9%,6502,759,11.7%,6087,805,13.2%
201,2020-04-17,129383,18135,14%,8273,831,10%,5707,775,13.6%
202,2020-04-16,121110,17304,14.3%,8142,925,11.4%,5457,755,13.8%
203,2020-04-15,112968,16379,14.5%,8412,1018,12.1%,5188,720,13.9%
204,2020-04-14,104556,15361,14.7%,5840,936,16%,4666,682,14.6%
205,2020-04-13,98716,14425,14.6%,3848,780,20.3%,4435,661,14.9%
206,2020-04-12,94868,13645,14.4%,1590,383,24.1%,4308,621,14.4%
207,2020-04-11,93278,13262,14.2%,3841,549,14.3%,4349,632,14.5%
208,2020-04-10,89437,12713,14.2%,6528,692,10.6%,4278,636,14.9%
209,2020-04-09,82909,12021,14.5%,6256,680,10.9%,4127,634,15.4%
210,2020-04-08,76653,11341,14.8%,4762,752,15.8%,3915,640,16.3%
211,2020-04-07,71891,10589,14.7%,4222,793,18.8%,3918,634,16.2%
212,2020-04-06,67669,9796,14.5%,2957,497,16.8%,3941,612,15.5%
213,2020-04-05,64712,9299,14.4%,1875,458,24.4%,4075,625,15.3%
214,2020-04-04,62837,8841,14.1%,3348,582,17.4%,4017,601,15%
215,2020-04-03,59489,8259,13.9%,5470,676,12.4%,3989,587,14.7%
216,2020-04-02,54019,7583,14%,4770,720,15.1%,3735,563,15.1%
217,2020-04-01,49249,6863,13.9%,4782,709,14.8%,3502,523,14.9%
218,2020-03-31,44467,6154,13.8%,4387,642,14.6%,3277,484,14.8%
219,2020-03-30,40080,5512,13.8%,3894,585,15%,3090,454,14.7%
220,2020-03-29,36186,4927,13.6%,1471,290,19.7%,2893,420,14.5%
221,2020-03-28,34715,4637,13.4%,3152,487,15.5%,2831,407,14.4%
222,2020-03-27,31563,4150,13.1%,3689,508,13.8%,2565,361,14.1%
223,2020-03-26,27874,3642,13.1%,3141,440,14%,2363,328,13.9%
224,2020-03-25,24733,3202,12.9%,3207,439,13.7%,2217,300,13.5%
225,2020-03-24,21526,2763,12.8%,3079,432,14%,2051,272,13.3%
226,2020-03-23,18447,2331,12.6%,2510,344,13.7%,1932,245,12.7%
227,2020-03-22,15937,1987,12.5%,1041,201,19.3%,1785,222,12.4%
228,2020-03-21,14896,1786,12%,1286,165,12.8%,1723,204,11.8%
229,2020-03-20,13610,1621,11.9%,2277,272,11.9%,1643,194,11.8%
230,2020-03-19,11333,1349,11.9%,2118,249,11.8%,1454,173,11.9%
231,2020-03-18,9215,1100,11.9%,2044,238,11.6%,1252,150,12%
232,2020-03-17,7171,862,12%,2248,249,11.1%,998,119,11.9%
233,2020-03-16,4923,613,12.5%,1478,181,12.2%,703,88,12.5%
234,2020-03-15,3445,432,12.5%,607,72,11.9%,NA,NA,NA%
235,2020-03-14,2838,360,12.7%,726,96,13.2%,NA,NA,NA%
236,2020-03-13,2112,264,12.5%,958,124,12.9%,NA,NA,NA%
237,2020-03-12,1154,140,12.1%,700,89,12.7%,NA,NA,NA%
238,2020-03-11,454,51,11.2%,268,23,8.6%,NA,NA,NA%
239,2020-03-10,186,28,15.1%,186,28,15.1%,NA,NA,NA%
