"","X1","date_use","total_cases","new_case","avg_cases","total_deaths","new_deaths","avg_deaths"
"1",1,2020-10-27,287526,77,915,6656,1,8
"2",2,2020-10-26,287449,924,1112,6655,7,10
"3",3,2020-10-25,286525,387,1210,6648,11,11
"4",4,2020-10-24,286138,884,1231,6637,9,10
"5",5,2020-10-23,285254,1363,1241,6628,11,9
"6",6,2020-10-22,283891,1358,1226,6617,9,10
"7",7,2020-10-21,282533,1413,1220,6608,11,10
"8",8,2020-10-20,281120,1453,1202,6597,12,11
"9",9,2020-10-19,279667,1610,1165,6585,11,12
"10",10,2020-10-18,278057,534,1148,6574,6,12
"11",11,2020-10-17,277523,953,1141,6568,4,13
"12",12,2020-10-16,276570,1260,1151,6564,16,14
"13",13,2020-10-15,275310,1317,1146,6548,10,14
"14",14,2020-10-14,273993,1288,1129,6538,15,15
"15",15,2020-10-13,272705,1194,1133,6523,19,16
"16",16,2020-10-12,271511,1490,1117,6504,16,16
"17",17,2020-10-11,270021,486,1061,6488,14,15
"18",18,2020-10-10,269535,1019,1057,6474,9,16
"19",19,2020-10-09,268516,1229,1027,6465,12,17
"20",20,2020-10-08,267287,1194,1002,6453,23,17
"21",21,2020-10-07,266093,1321,994,6430,19,15
"22",22,2020-10-06,264772,1083,968,6411,17,14
"23",23,2020-10-05,263689,1097,968,6394,14,13
"24",24,2020-10-04,262592,455,958,6380,18,14
"25",25,2020-10-03,262137,807,959,6362,13,14
"26",26,2020-10-02,261330,1059,947,6349,12,15
"27",27,2020-10-01,260271,1137,947,6337,13,16
"28",28,2020-09-30,259134,1137,953,6324,14,17
"29",29,2020-09-29,257997,1081,951,6310,9,19
"30",30,2020-09-28,256916,1033,948,6301,22,20
"31",31,2020-09-27,255883,460,977,6279,18,19
"32",32,2020-09-26,255423,725,975,6261,20,19
"33",33,2020-09-25,254698,1058,972,6241,17,18
"34",34,2020-09-24,253640,1180,955,6224,19,18
"35",35,2020-09-23,252460,1120,939,6205,26,18
"36",36,2020-09-22,251340,1059,944,6179,19,17
"37",37,2020-09-21,250281,1234,929,6160,15,17
"38",38,2020-09-20,249047,450,917,6145,15,18
"39",39,2020-09-19,248597,700,896,6130,16,18
"40",40,2020-09-18,247897,944,886,6114,15,19
"41",41,2020-09-17,246953,1065,890,6099,18,20
"42",42,2020-09-16,245888,1153,870,6081,20,21
"43",43,2020-09-15,244735,960,853,6061,21,22
"44",44,2020-09-14,243775,1144,880,6040,18,23
"45",45,2020-09-13,242631,305,770,6022,19,25
"46",46,2020-09-12,242326,629,780,6003,19,25
"47",47,2020-09-11,241697,976,754,5984,25,25
"48",48,2020-09-10,240721,924,753,5959,25,26
"49",49,2020-09-09,239797,1034,765,5934,29,26
"50",50,2020-09-08,238763,1146,789,5905,29,25
"51",51,2020-09-07,237617,375,779,5876,27,25
"52",52,2020-09-06,237242,373,901,5849,21,26
"53",53,2020-09-05,236869,451,907,5828,21,27
"54",54,2020-09-04,236418,965,962,5807,31,29
"55",55,2020-09-03,235453,1009,973,5776,24,28
"56",56,2020-09-02,234444,1204,997,5752,23,29
"57",57,2020-09-01,233240,1075,1023,5729,29,30
"58",58,2020-08-31,232165,1227,1047,5700,31,30
"59",59,2020-08-30,230938,415,1090,5669,32,29
"60",60,2020-08-29,230523,839,1101,5637,34,28
"61",61,2020-08-28,229684,1044,1108,5603,22,29
"62",62,2020-08-27,228640,1177,1142,5581,31,30
"63",63,2020-08-26,227463,1385,1164,5550,28,31
"64",64,2020-08-25,226078,1244,1165,5522,30,33
"65",65,2020-08-24,224834,1523,1194,5492,25,33
"66",66,2020-08-23,223311,497,1192,5467,29,35
"67",67,2020-08-22,222814,889,1198,5438,38,36
"68",68,2020-08-21,221925,1277,1227,5400,32,36
"69",69,2020-08-20,220648,1332,1247,5368,38,36
"70",70,2020-08-19,219316,1395,1270,5330,42,35
"71",71,2020-08-18,217921,1447,1303,5288,29,34
"72",72,2020-08-17,216474,1506,1334,5259,39,35
"73",73,2020-08-16,214968,540,1411,5220,36,36
"74",74,2020-08-15,214428,1092,1426,5184,33,37
"75",75,2020-08-14,213336,1415,1454,5151,35,37
"76",76,2020-08-13,211921,1498,1519,5116,31,37
"77",77,2020-08-12,210423,1625,1571,5085,32,38
"78",78,2020-08-11,208798,1662,1626,5053,42,38
"79",79,2020-08-10,207136,2043,1700,5011,43,39
"80",80,2020-08-09,205093,649,1717,4968,41,38
"81",81,2020-08-08,204444,1288,1729,4927,35,38
"82",82,2020-08-07,203156,1865,1779,4892,33,40
"83",83,2020-08-06,201291,1864,1816,4859,37,41
"84",84,2020-08-05,199427,2009,1874,4822,34,42
"85",85,2020-08-04,197418,2182,1920,4788,48,42
"86",86,2020-08-03,195236,2163,1976,4740,41,40
"87",87,2020-08-02,193073,734,2038,4699,40,40
"88",88,2020-08-01,192339,1636,2047,4659,47,41
"89",89,2020-07-31,190703,2126,2103,4612,39,40
"90",90,2020-07-30,188577,2266,2158,4573,42,40
"91",91,2020-07-29,186311,2336,2207,4531,39,40
"92",92,2020-07-28,183975,2573,2302,4492,32,41
"93",93,2020-07-27,181402,2596,2397,4460,42,43
"94",94,2020-07-26,178806,793,2513,4418,43,43
"95",95,2020-07-25,178013,2034,2551,4375,46,42
"96",96,2020-07-24,175979,2511,2597,4329,39,40
"97",97,2020-07-23,173468,2607,2706,4290,38,40
"98",98,2020-07-22,170861,3003,2821,4252,49,41
"99",99,2020-07-21,167858,3235,2826,4203,47,39
"100",100,2020-07-20,164623,3405,2847,4156,41,39
"101",101,2020-07-19,161218,1059,2869,4115,37,41
"102",102,2020-07-18,160159,2356,2895,4078,32,40
"103",103,2020-07-17,157803,3280,2910,4046,36,40
"104",104,2020-07-16,154523,3408,2908,4010,43,41
"105",105,2020-07-15,151115,3037,2900,3967,37,39
"106",106,2020-07-14,148078,3385,2949,3930,48,39
"107",107,2020-07-13,144693,3561,2960,3882,55,37
"108",108,2020-07-12,141132,1239,2839,3827,29,34
"109",109,2020-07-11,139893,2460,2831,3798,33,35
"110",110,2020-07-10,137433,3268,2609,3765,40,35
"111",111,2020-07-09,134165,3347,2357,3725,32,34
"112",112,2020-07-08,130818,3383,2342,3693,35,35
"113",113,2020-07-07,127435,3460,2349,3658,33,34
"114",114,2020-07-06,123975,2717,2289,3625,35,35
"115",115,2020-07-05,121258,1182,2322,3590,39,34
"116",116,2020-07-04,120076,906,2310,3551,28,34
"117",117,2020-07-03,119170,1507,2474,3523,33,34
"118",118,2020-07-02,117663,3241,2666,3490,41,33
"119",119,2020-07-01,114422,3428,2621,3449,29,31
"120",120,2020-06-30,110994,3042,2517,3420,37,32
"121",121,2020-06-29,107952,2949,2440,3383,32,30
"122",122,2020-06-28,105003,1100,2337,3351,40,30
"123",123,2020-06-27,103903,2049,2313,3311,24,28
"124",124,2020-06-26,101854,2850,2234,3287,31,31
"125",125,2020-06-25,99004,2929,2081,3256,25,31
"126",126,2020-06-24,96075,2698,1922,3231,37,32
"127",127,2020-06-23,93377,2505,1808,3194,21,32
"128",128,2020-06-22,90872,2229,1713,3173,30,33
"129",129,2020-06-21,88643,934,1680,3143,31,33
"130",130,2020-06-20,87709,1491,1668,3112,39,33
"131",131,2020-06-19,86218,1784,1634,3073,35,31
"132",132,2020-06-18,84434,1810,1591,3038,29,30
"133",133,2020-06-17,82624,1900,1533,3009,40,30
"134",134,2020-06-16,80724,1843,1478,2969,24,28
"135",135,2020-06-15,78881,1998,1405,2945,32,30
"136",136,2020-06-14,76883,851,1343,2913,29,30
"137",137,2020-06-13,76032,1252,1321,2884,28,31
"138",138,2020-06-12,74780,1484,1296,2856,31,32
"139",139,2020-06-11,73296,1406,1282,2825,25,33
"140",140,2020-06-10,71890,1510,1302,2800,26,36
"141",141,2020-06-09,70380,1337,1277,2774,36,39
"142",142,2020-06-08,69043,1562,1286,2738,37,38
"143",143,2020-06-07,67481,695,1235,2701,35,38
"144",144,2020-06-06,66786,1081,1206,2666,35,37
"145",145,2020-06-05,65705,1385,1183,2631,39,37
"146",146,2020-06-04,64320,1544,1197,2592,45,37
"147",147,2020-06-03,62776,1338,1158,2547,45,35
"148",148,2020-06-02,61438,1400,1165,2502,30,35
"149",149,2020-06-01,60038,1205,1206,2472,36,36
"150",150,2020-05-31,58833,487,1168,2436,30,35
"151",151,2020-05-30,58346,920,1172,2406,37,36
"152",152,2020-05-29,57426,1487,1146,2369,33,36
"153",153,2020-05-28,55939,1267,1073,2336,32,38
"154",154,2020-05-27,54672,1390,1028,2304,47,37
"155",155,2020-05-26,53282,1686,994,2257,40,34
"156",156,2020-05-25,51596,942,891,2217,28,35
"157",157,2020-05-24,50654,511,922,2189,38,38
"158",158,2020-05-23,50143,742,928,2151,35,38
"159",159,2020-05-22,49401,973,930,2116,43,40
"160",160,2020-05-21,48428,949,966,2073,27,40
"161",161,2020-05-20,47479,1157,1009,2046,29,41
"162",162,2020-05-19,46322,960,979,2017,46,42
"163",163,2020-05-18,45362,1164,998,1971,46,43
"164",164,2020-05-17,44198,549,1001,1925,38,40
"165",165,2020-05-16,43649,758,1007,1887,52,39
"166",166,2020-05-15,42891,1222,999,1835,43,39
"167",167,2020-05-14,41669,1250,968,1792,31,40
"168",168,2020-05-13,40419,951,926,1761,41,42
"169",169,2020-05-12,39468,1095,933,1720,48,44
"170",170,2020-05-11,38373,1185,957,1672,28,43
"171",171,2020-05-10,37188,590,921,1644,31,45
"172",172,2020-05-09,36598,701,904,1613,49,47
"173",173,2020-05-08,35897,1004,905,1564,50,47
"174",174,2020-05-07,34893,953,894,1514,50,45
"175",175,2020-05-06,33940,1003,889,1464,53,44
"176",176,2020-05-05,32937,1261,887,1411,37,42
"177",177,2020-05-04,31676,934,844,1374,43,45
"178",178,2020-05-03,30742,473,865,1331,44,44
"179",179,2020-05-02,30269,707,883,1287,49,43
"180",180,2020-05-01,29562,926,911,1238,36,42
"181",181,2020-04-30,28636,916,923,1202,45,43
"182",182,2020-04-29,27720,994,931,1157,42,44
"183",183,2020-04-28,26726,960,900,1115,54,45
"184",184,2020-04-27,25766,1078,888,1061,37,43
"185",185,2020-04-26,24688,598,869,1024,41,44
"186",186,2020-04-25,24090,902,853,983,40,44
"187",187,2020-04-24,23188,1013,811,943,44,43
"188",188,2020-04-23,22175,974,785,899,50,43
"189",189,2020-04-22,21201,778,755,849,47,44
"190",190,2020-04-21,20423,876,766,802,40,42
"191",191,2020-04-20,19547,939,735,762,47,43
"192",192,2020-04-19,18608,486,698,715,37,42
"193",193,2020-04-18,18122,610,690,678,38,42
"194",194,2020-04-17,17512,833,671,640,39,41
"195",195,2020-04-16,16679,765,636,601,58,40
"196",196,2020-04-15,15914,851,608,543,35,37
"197",197,2020-04-14,15063,662,573,508,47,37
"198",198,2020-04-13,14401,676,579,461,42,34
"199",199,2020-04-12,13725,435,559,419,37,31
"200",200,2020-04-11,13290,477,581,382,30,29
"201",201,2020-04-10,12813,583,597,352,30,27
"202",202,2020-04-09,12230,573,627,322,35,27
"203",203,2020-04-08,11657,605,633,287,40,25
"204",204,2020-04-07,11052,702,635,247,25,22
"205",205,2020-04-06,10350,535,627,222,17,21
"206",206,2020-04-05,9815,592,639,205,23,20
"207",207,2020-04-04,9223,591,607,182,21,19
"208",208,2020-04-03,8632,789,579,161,26,17
"209",209,2020-04-02,7843,619,519,135,22,14
"210",210,2020-04-01,7224,618,484,113,19,12
"211",211,2020-03-31,6606,645,459,94,16,10
"212",212,2020-03-30,5961,617,407,78,11,8
"213",213,2020-03-29,5344,370,360,67,15,8
"214",214,2020-03-28,4974,392,343,52,8,6
"215",215,2020-03-27,4582,373,315,44,9,5
"216",216,2020-03-26,4209,376,297,35,4,4
"217",217,2020-03-25,3833,438,274,31,7,4
"218",218,2020-03-24,3395,284,238,24,3,3
"219",219,2020-03-23,3111,288,227,21,7,3
"220",220,2020-03-22,2823,251,217,14,4,2
"221",221,2020-03-21,2572,192,206,10,3,1
"222",222,2020-03-20,2380,249,199,7,3,1
"223",223,2020-03-19,2131,217,185,4,4,1
"224",224,2020-03-18,1914,186,176,0,0,0
"225",225,2020-03-17,1728,207,168,0,0,0
"226",226,2020-03-16,1521,220,152,0,0,0
"227",227,2020-03-15,1301,169,133,0,0,0
"228",228,2020-03-14,1132,144,116,0,0,0
"229",229,2020-03-13,988,149,101,0,0,0
"230",230,2020-03-12,839,157,86,0,0,0
"231",231,2020-03-11,682,132,68,0,0,0
"232",232,2020-03-10,550,96,52,0,0,0
"233",233,2020-03-09,454,87,40,0,0,0
"234",234,2020-03-08,367,46,31,0,0,0
"235",235,2020-03-07,321,41,28,0,0,0
"236",236,2020-03-06,280,43,NA,0,0,NA
"237",237,2020-03-05,237,33,NA,0,0,NA
"238",238,2020-03-04,204,19,NA,0,0,NA
"239",239,2020-03-03,185,13,NA,0,0,NA
"240",240,2020-03-02,172,19,NA,0,0,NA
"241",241,2020-03-01,153,25,NA,0,0,NA
