X1,date_use,total_cases,new_case,avg_cases,total_deaths,new_deaths,avg_deaths
1,2020-11-01,294396,31,1041,6688,0,6
2,2020-10-31,294365,678,1091,6688,1,7
3,2020-10-30,293687,1202,1113,6687,3,9
4,2020-10-29,292485,1297,1130,6684,10,10
5,2020-10-28,291188,1206,1151,6674,6,10
6,2020-10-27,289982,1313,1196,6668,8,11
7,2020-10-26,288669,1560,1225,6660,12,11
8,2020-10-25,287109,384,1251,6648,12,12
9,2020-10-24,286725,827,1278,6636,9,11
10,2020-10-23,285898,1320,1300,6627,12,11
11,2020-10-22,284578,1450,1298,6615,10,11
12,2020-10-21,283128,1518,1282,6605,11,12
13,2020-10-20,281610,1517,1252,6594,14,12
14,2020-10-19,280093,1741,1208,6580,15,13
15,2020-10-18,278352,572,1173,6565,8,13
16,2020-10-17,277780,985,1162,6557,5,14
17,2020-10-16,276795,1301,1167,6552,17,15
18,2020-10-15,275494,1342,1157,6535,12,14
19,2020-10-14,274152,1309,1137,6523,15,15
20,2020-10-13,272843,1205,1139,6508,20,16
21,2020-10-12,271638,1499,1096,6488,16,16
22,2020-10-11,270139,490,1038,6472,15,15
23,2020-10-10,269649,1023,1039,6457,9,16
24,2020-10-09,268626,1230,1015,6448,11,16
25,2020-10-08,267396,1205,995,6437,22,16
26,2020-10-07,266191,1318,989,6415,19,15
27,2020-10-06,264873,906,964,6396,17,14
28,2020-10-05,263967,1094,992,6379,14,13
29,2020-10-04,262873,498,986,6365,18,14
30,2020-10-03,262375,857,981,6347,12,14
31,2020-10-02,261518,1090,963,6335,12,15
32,2020-10-01,260428,1159,960,6323,13,16
33,2020-09-30,259269,1146,963,6310,14,17
34,2020-09-29,258123,1103,960,6296,9,19
35,2020-09-28,257020,1050,954,6287,20,20
36,2020-09-27,255970,465,981,6267,18,19
37,2020-09-26,255505,729,979,6249,20,19
38,2020-09-25,254776,1068,975,6229,17,18
39,2020-09-24,253708,1181,958,6212,19,18
40,2020-09-23,252527,1126,941,6193,27,18
41,2020-09-22,251401,1061,945,6166,18,17
42,2020-09-21,250340,1237,931,6148,15,17
43,2020-09-20,249103,450,918,6133,15,17
44,2020-09-19,248653,701,897,6118,16,18
45,2020-09-18,247952,948,887,6102,15,18
46,2020-09-17,247004,1064,891,6087,18,20
47,2020-09-16,245940,1154,871,6069,20,21
48,2020-09-15,244786,961,854,6049,20,22
49,2020-09-14,243825,1146,880,6029,18,23
50,2020-09-13,242679,305,770,6011,19,25
51,2020-09-12,242374,630,780,5992,19,25
52,2020-09-11,241744,978,754,5973,25,25
53,2020-09-10,240766,924,752,5948,25,26
54,2020-09-09,239842,1034,765,5923,28,26
55,2020-09-08,238808,1145,789,5895,29,25
56,2020-09-07,237663,375,779,5866,27,25
57,2020-09-06,237288,373,901,5839,21,25
58,2020-09-05,236915,451,907,5818,21,27
59,2020-09-04,236464,965,962,5797,30,29
60,2020-09-03,235499,1011,974,5767,24,28
61,2020-09-02,234488,1204,997,5743,23,29
62,2020-09-01,233284,1075,1023,5720,28,29
63,2020-08-31,232209,1227,1047,5692,29,30
64,2020-08-30,230982,415,1090,5663,33,29
65,2020-08-29,230567,839,1102,5630,34,28
66,2020-08-28,229728,1044,1109,5596,22,29
67,2020-08-27,228684,1177,1142,5574,31,30
68,2020-08-26,227507,1384,1164,5543,28,31
69,2020-08-25,226123,1245,1166,5515,30,33
70,2020-08-24,224878,1525,1195,5485,25,33
71,2020-08-23,223353,498,1192,5460,29,35
72,2020-08-22,222855,888,1198,5431,37,36
73,2020-08-21,221967,1279,1227,5394,32,35
74,2020-08-20,220688,1332,1247,5362,37,35
75,2020-08-19,219356,1397,1271,5325,41,35
76,2020-08-18,217959,1446,1303,5284,29,33
77,2020-08-17,216513,1507,1334,5255,39,35
78,2020-08-16,215006,540,1411,5216,36,36
79,2020-08-15,214466,1090,1426,5180,32,36
80,2020-08-14,213376,1416,1455,5148,34,37
81,2020-08-13,211960,1498,1521,5114,31,37
82,2020-08-12,210462,1625,1574,5083,32,37
83,2020-08-11,208837,1664,1629,5051,43,38
84,2020-08-10,207173,2043,1704,5008,43,38
85,2020-08-09,205130,649,1721,4965,40,38
86,2020-08-08,204481,1288,1733,4925,35,38
87,2020-08-07,203193,1878,1783,4890,33,40
88,2020-08-06,201315,1868,1818,4857,36,40
89,2020-08-05,199447,2016,1875,4821,34,41
90,2020-08-04,197431,2183,1921,4787,48,42
91,2020-08-03,195248,2163,1976,4739,41,40
92,2020-08-02,193085,734,2038,4698,39,40
93,2020-08-01,192351,1636,2047,4659,47,41
94,2020-07-31,190715,2125,2104,4612,38,41
95,2020-07-30,188590,2265,2159,4574,42,41
96,2020-07-29,186325,2338,2208,4532,39,40
97,2020-07-28,183987,2573,2303,4493,33,42
98,2020-07-27,181414,2597,2397,4460,42,43
99,2020-07-26,178817,793,2513,4418,44,43
100,2020-07-25,178024,2036,2551,4374,46,42
101,2020-07-24,175988,2512,2596,4328,39,40
102,2020-07-23,173476,2607,2706,4289,38,40
103,2020-07-22,170869,3003,2820,4251,49,41
104,2020-07-21,167866,3234,2825,4202,46,39
105,2020-07-20,164632,3405,2847,4156,41,39
106,2020-07-19,161227,1059,2870,4115,37,41
107,2020-07-18,160168,2355,2895,4078,32,40
108,2020-07-17,157813,3278,2911,4046,37,40
109,2020-07-16,154535,3408,2910,4009,43,41
110,2020-07-15,151127,3039,2901,3966,37,39
111,2020-07-14,148088,3385,2950,3929,48,39
112,2020-07-13,144703,3563,2961,3881,55,37
113,2020-07-12,141140,1239,2840,3826,29,34
114,2020-07-11,139901,2464,2832,3797,33,35
115,2020-07-10,137437,3269,2610,3764,40,35
116,2020-07-09,134168,3348,2358,3724,32,34
117,2020-07-08,130820,3383,2343,3692,35,35
118,2020-07-07,127437,3463,2350,3657,33,34
119,2020-07-06,123974,2716,2290,3624,35,35
120,2020-07-05,121258,1182,2324,3589,39,34
121,2020-07-04,120076,906,2312,3550,28,34
122,2020-07-03,119170,1507,2475,3522,33,34
123,2020-07-02,117663,3245,2667,3489,41,34
124,2020-07-01,114418,3429,2621,3448,29,31
125,2020-06-30,110989,3044,2510,3419,38,32
126,2020-06-29,107945,2952,2422,3381,32,30
127,2020-06-28,104993,1100,2317,3349,40,30
128,2020-06-27,103893,2049,2295,3309,24,28
129,2020-06-26,101844,2850,2216,3285,31,30
130,2020-06-25,98994,2920,2066,3254,25,31
131,2020-06-24,96074,2654,1910,3229,37,32
132,2020-06-23,93420,2431,1805,3192,21,32
133,2020-06-22,90989,2215,1723,3171,30,32
134,2020-06-21,88774,946,1693,3141,30,33
135,2020-06-20,87828,1497,1681,3111,39,33
136,2020-06-19,86331,1800,1647,3072,35,31
137,2020-06-18,84531,1826,1603,3037,29,30
138,2020-06-17,82705,1917,1544,3008,40,30
139,2020-06-16,80788,1859,1486,2968,24,28
140,2020-06-15,78929,2009,1412,2944,32,29
141,2020-06-14,76920,856,1348,2912,29,30
142,2020-06-13,76064,1259,1326,2883,28,31
143,2020-06-12,74805,1497,1300,2855,30,32
144,2020-06-11,73308,1411,1284,2825,24,33
145,2020-06-10,71897,1512,1303,2801,26,36
146,2020-06-09,70385,1340,1279,2775,36,39
147,2020-06-08,69045,1564,1287,2739,37,38
148,2020-06-07,67481,696,1236,2702,35,38
149,2020-06-06,66785,1083,1206,2667,35,37
150,2020-06-05,65702,1385,1183,2632,40,38
151,2020-06-04,64317,1544,1198,2592,45,37
152,2020-06-03,62773,1338,1158,2547,45,35
153,2020-06-02,61435,1402,1165,2502,30,35
154,2020-06-01,60033,1205,1206,2472,36,36
155,2020-05-31,58828,487,1168,2436,30,35
156,2020-05-30,58341,920,1171,2406,37,36
157,2020-05-29,57421,1488,1146,2369,33,36
158,2020-05-28,55933,1266,1073,2336,32,38
159,2020-05-27,54667,1389,1028,2304,47,37
160,2020-05-26,53278,1686,994,2257,40,34
161,2020-05-25,51592,943,891,2217,28,35
162,2020-05-24,50649,507,922,2189,38,38
163,2020-05-23,50142,745,928,2151,35,38
164,2020-05-22,49397,974,930,2116,43,40
165,2020-05-21,48423,949,965,2073,27,40
166,2020-05-20,47474,1156,1008,2046,29,41
167,2020-05-19,46318,960,979,2017,47,42
168,2020-05-18,45358,1164,998,1970,45,43
169,2020-05-17,44194,549,1001,1925,38,40
170,2020-05-16,43645,758,1007,1887,52,39
171,2020-05-15,42887,1221,999,1835,43,39
172,2020-05-14,41666,1250,968,1792,31,40
173,2020-05-13,40416,952,926,1761,41,43
174,2020-05-12,39464,1095,933,1720,48,44
175,2020-05-11,38369,1185,957,1672,28,43
176,2020-05-10,37184,590,921,1644,32,45
177,2020-05-09,36594,700,904,1612,49,47
178,2020-05-08,35894,1004,905,1563,50,47
179,2020-05-07,34890,953,894,1513,50,45
180,2020-05-06,33937,1003,889,1463,53,44
181,2020-05-05,32934,1261,887,1410,37,42
182,2020-05-04,31673,935,844,1373,43,45
183,2020-05-03,30738,474,865,1330,44,44
184,2020-05-02,30264,706,882,1286,49,43
185,2020-05-01,29558,926,910,1237,36,42
186,2020-04-30,28632,916,923,1201,45,43
187,2020-04-29,27716,994,931,1156,42,44
188,2020-04-28,26722,958,900,1114,54,45
189,2020-04-27,25764,1078,889,1060,37,43
190,2020-04-26,24686,599,869,1023,41,44
191,2020-04-25,24087,901,853,982,39,43
192,2020-04-24,23186,1014,811,943,44,43
193,2020-04-23,22172,975,785,899,51,43
194,2020-04-22,21197,777,755,848,47,44
195,2020-04-21,20420,877,766,801,40,42
196,2020-04-20,19543,939,735,761,47,43
197,2020-04-19,18604,486,698,714,36,42
198,2020-04-18,18118,610,690,678,38,42
199,2020-04-17,17508,833,671,640,39,41
200,2020-04-16,16675,765,636,601,58,40
201,2020-04-15,15910,851,608,543,35,37
202,2020-04-14,15059,662,573,508,47,37
203,2020-04-13,14397,676,579,461,42,34
204,2020-04-12,13721,435,558,419,37,31
205,2020-04-11,13286,477,581,382,30,29
206,2020-04-10,12809,583,597,352,30,27
207,2020-04-09,12226,573,626,322,35,27
208,2020-04-08,11653,605,633,287,40,25
209,2020-04-07,11048,701,635,247,25,22
210,2020-04-06,10347,535,627,222,17,21
211,2020-04-05,9812,590,638,205,23,20
212,2020-04-04,9222,591,607,182,21,19
213,2020-04-03,8631,789,578,161,26,17
214,2020-04-02,7842,619,519,135,22,14
215,2020-04-01,7223,617,484,113,19,12
216,2020-03-31,6606,645,458,94,16,10
217,2020-03-30,5961,617,407,78,11,8
218,2020-03-29,5344,370,360,67,15,8
219,2020-03-28,4974,392,343,52,8,6
220,2020-03-27,4582,373,315,44,9,5
221,2020-03-26,4209,374,297,35,4,4
222,2020-03-25,3835,438,274,31,7,4
223,2020-03-24,3397,284,238,24,3,3
224,2020-03-23,3113,289,227,21,7,3
225,2020-03-22,2824,252,218,14,4,2
226,2020-03-21,2572,192,206,10,3,1
227,2020-03-20,2380,249,199,7,3,1
228,2020-03-19,2131,217,185,4,4,1
229,2020-03-18,1914,186,176,0,0,0
230,2020-03-17,1728,207,168,0,0,0
231,2020-03-16,1521,220,152,0,0,0
232,2020-03-15,1301,169,133,0,0,0
233,2020-03-14,1132,144,116,0,0,0
234,2020-03-13,988,149,101,0,0,0
235,2020-03-12,839,157,86,0,0,0
236,2020-03-11,682,132,68,0,0,0
237,2020-03-10,550,96,52,0,0,0
238,2020-03-09,454,87,40,0,0,0
239,2020-03-08,367,46,31,0,0,0
240,2020-03-07,321,41,28,0,0,0
241,2020-03-06,280,43,NA,0,0,NA
242,2020-03-05,237,33,NA,0,0,NA
243,2020-03-04,204,19,NA,0,0,NA
244,2020-03-03,185,13,NA,0,0,NA
245,2020-03-02,172,19,NA,0,0,NA
246,2020-03-01,153,25,NA,0,0,NA
